t [s]	 PWM output 3	 battery voltage (V)	 current (A)	 north velocity(m/s)	 down velocity (m/s)	 pitch (deg)	 voltage 1 (V)	throttle	rpm
0	1000	25.31583	0.05825472	0.3200232	0.05492619	2.261899	2.521994	1.0016	0
0.5	1000	25.31934	0.07343377	0.3527555	0.06298832	2.329799	2.517107	1.0016	0
1	1000	25.31212	0.05333178	0.3958369	0.07289366	2.410476	2.517107	1.0016	0
1.5	1000	25.32142	0.07261328	0.4386106	0.07924602	2.482657	2.517107	1.0016	0
2	1074	25.31946	0.07138254	0.4769022	0.08441374	2.548143	2.517107	1.0016	0
2.5	1100	25.31738	0.07110905	0.5049655	0.08804528	2.615887	2.517107	1.0016	0
3	1100	25.32302	0.07999768	0.5115194	0.09280577	2.687119	2.517107	1.0016	0
3.5	1100	25.31626	0.05866497	0.4930454	0.09737074	2.757586	2.517107	1.0016	0
4	1100	25.32339	0.08934215	0.4444579	0.09963346	2.81501	2.517107	1.0016	0
4.5	1100	25.32186	0.07712597	0.3722996	0.1039287	2.879405	2.517107	1.0016	0
5	1100	25.32081	0.07302352	0.2885028	0.1037162	2.956022	2.517107	1.0016	0
5.5	1100	25.32142	0.07753621	0.2071337	0.09985906	3.031826	2.517107	1.0956	0
6	1100	25.32346	0.08081818	0.1357312	0.09732968	3.095556	2.517107	1.0956	0
6.5	1100	25.32419	0.07261328	0.08491325	0.09341032	3.165408	2.517107	1.0956	0
7	1100	25.31098	0.05579326	0.05255928	0.09022005	3.227456	2.517107	1.0956	0
7.5	1100	25.3181	0.06892107	0.03611616	0.08803016	3.296731	2.517107	1.0956	0
8	1100	25.32136	0.07712597	0.03425911	0.08409876	3.370561	2.517107	1.0956	0
8.5	1100	25.32114	0.07429983	0.04059573	0.07937526	3.436035	2.517107	1.0956	0
9	1100	25.3237	0.08081818	0.05401308	0.07631261	3.509136	2.517107	1.0956	0
9.5	1100	25.32081	0.07589523	0.07009435	0.07094833	3.565213	2.517107	1.0956	0
10	1100	25.31534	0.05743423	0.08794594	0.06664302	3.621015	2.517107	1.0956	0
10.5	1100	25.32444	0.08327964	0.1069322	0.06017161	3.686748	2.517107	1.0956	0
11	1100	25.32167	0.0746645	0.1273679	0.05210912	3.7515	2.517107	1.0956	0
11.5	1100	25.32204	0.07015181	0.1455475	0.04507457	3.810642	2.517107	1.0956	0
12	1100	25.32376	0.07835671	0.1618179	0.03889151	3.867606	2.517107	1.0956	0
12.5	1100	25.31903	0.07794646	0.1788986	0.03116258	3.9272	2.517107	1.0956	0
13	1100	25.31239	0.05866497	0.1942019	0.02243176	3.978842	2.517107	1.0956	0
13.5	1100	25.31952	0.0672801	0.2072508	0.01522235	4.031221	2.517107	1.0956	0
14	1100	25.31977	0.07548499	0.2176576	0.007864255	4.086047	2.517107	1.0956	0
14.5	1100	25.32204	0.08245915	0.2243914	0.001466001	4.137017	2.517107	1.0956	0
15	1100	25.3229	0.08081818	0.2291507	-0.001869205	4.188907	2.517107	1.0956	0
15.5	1150	25.28369	0.04102445	0.2252932	-0.008199265	4.213607	2.492669	1.0956	0
16	1195	25.14644	1.011253	0.2158754	-0.006659314	3.776885	2.507331	1.0956	0
16.5	1150	25.1513	1.178769	0.2225587	-0.02246057	3.792942	2.517107	1.0956	0
17	1179	25.14902	0.9960737	0.2469064	-0.02195552	3.944434	2.512219	1.0956	0
17.5	1150	25.11651	1.530622	0.2327266	-0.02509393	3.771697	2.517107	1.174	13721
18	1150	25.11763	1.749009	0.2279703	-0.02664012	3.891383	2.517107	1.1504	14521
18.5	1150	25.11743	1.441189	0.2361296	-0.02414399	3.917919	2.517107	1.1504	14699
19	1224	25.10809	1.574929	0.2078808	-0.03003753	3.894892	2.517107	1.1504	14870
19.5	1200	25.10378	1.793589	0.1848574	-0.02754461	3.871221	2.512219	1.1504	15123
20	1187	25.09383	1.702925	0.1904439	-0.02303341	4.002149	2.512219	1.1818	15550
20.5	1400	24.68657	8.794822	0.1777706	0.001528089	3.652874	2.458456	1.1896	15705
21	1703	23.01785	56.5801	0.2147321	-0.7290783	-5.586895	2.399805	1.2131	16320
21.5	1697	22.77231	67.31784	0.5675837	-2.913336	-7.512778	2.438905	1.1504	16425
22	1515	24.17704	22.83544	0.5630675	-2.521073	-0.1619289	2.453568	1.5109	40349
22.5	1465	24.09481	26.52805	0.418273	-1.393237	1.22357	2.458456	1.7696	61311
23	1598	24.07115	25.90653	0.1295987	-0.5453665	1.876624	2.438905	1.558	51951
23.5	1417	24.04828	24.82389	-0.05329256	0.261756	1.202601	2.473118	1.5501	46087
24	1416	23.69923	32.87084	-0.4382551	0.4516575	3.306008	2.492669	1.5658	49435
24.5	1530	23.83127	31.34177	-0.7523192	0.5504891	-3.119113	2.443793	1.558	48381
25	1584	23.70845	34.21809	-0.6312509	0.691529	-6.977964	2.424242	1.2523	36136
25.5	1609	23.73881	34.90401	-0.4137489	0.6762218	-5.725991	2.44868	1.4169	37054
26	1493	23.58128	39.16112	-0.2747245	0.3424744	-5.027733	2.468231	1.5501	47926
26.5	1554	23.54189	29.11998	-0.2102552	-0.05825195	-6.167481	2.44868	1.5736	51557
27	1602	23.57938	37.91767	-0.03783602	-0.4191514	-8.885658	2.453568	1.5344	49919
27.5	1616	23.5181	39.18328	0.4617676	-0.7249277	-9.490023	2.453568	1.4561	44872
28	1419	23.45049	40.13258	0.8571405	-1.14553	-6.579523	2.487781	1.5266	47481
28.5	1575	23.45854	40.38365	0.7788343	-1.639581	-4.889719	2.468231	1.6207	53728
29	1601	23.47256	39.35065	0.6725842	-1.953503	-7.14245	2.42913	1.5423	50662
29.5	1563	23.63058	33.51246	0.7074819	-1.781386	-8.641755	2.453568	1.5266	43256
30	1554	23.65301	31.06002	0.6483878	-1.494884	-7.325245	2.463343	1.5736	49676
30.5	1567	23.66733	31.4157	0.4842914	-1.290313	-6.246216	2.473118	1.5423	49676
31	1480	23.63002	31.21099	0.3456343	-1.20094	-8.748043	2.453568	1.4639	46613
31.5	1540	23.5819	30.59234	0.3749239	-1.275912	-9.404367	2.473118	1.3777	46402
32	1502	23.85387	26.87758	0.6425873	-1.095973	-11.36022	2.478006	1.4874	45983
32.5	1558	23.94088	22.63456	0.8104759	-0.1951099	-10.48839	2.482893	1.5188	47261
33	1473	23.93427	24.33283	1.012465	0.592875	-8.409046	2.463343	1.5893	48496
33.5	1409	23.74355	26.96742	1.2788	1.247555	-8.772893	2.463343	1.4718	43625
34	1461	23.68506	24.05127	1.376208	1.456314	-6.894071	2.478006	1.4874	42010
34.5	1425	23.56309	32.05076	1.380371	1.129103	-4.771913	2.463343	1.4639	43164
35	1531	23.54213	35.53989	1.291259	0.7962243	-6.779137	2.458456	1.5188	43347
35.5	1577	23.48503	37.66085	1.253325	0.3325831	-6.116337	2.478006	1.4874	43256
36	1491	23.47157	36.47033	1.200915	-0.1102211	-5.715588	2.458456	1.5188	43256
36.5	1550	23.48325	37.56445	0.9898939	-0.5780954	-4.966969	2.473118	1.5344	46827
37	1513	23.47237	36.83791	0.4688206	-0.9916957	-0.08673241	2.44868	1.5266	47152
37.5	1494	23.66498	31.89286	-0.1133357	-1.187216	-0.2148517	2.473118	1.5188	46296
38	1477	23.68344	29.21885	-0.6563434	-0.9200885	-1.280602	2.478006	1.5109	46192
38.5	1487	23.8071	26.61995	-0.9984927	-0.3041932	-0.7441114	2.473118	1.558	46720
39	1520	23.73683	29.10001	-1.34041	0.2748239	0.6829944	2.482893	1.5031	44872
39.5	1483	23.7039	30.26046	-1.705685	0.6782881	0.7864043	2.473118	1.5344	42010
40	1510	23.61699	31.0793	-2.183459	0.8064936	3.824706	2.473118	1.4874	41246
40.5	1552	23.65289	31.87964	-2.535855	0.9492542	2.842325	2.458456	1.4718	44192
41	1519	23.54637	33.52067	-2.655158	1.062502	0.03593378	2.478006	1.4796	42624
41.5	1510	23.55203	35.08698	-2.934534	0.9161651	-0.3398195	2.443793	1.5658	45573
42	1624	23.49911	35.08986	-3.145143	0.6632296	-3.383049	2.44868	1.5109	51170
42.5	1571	23.44625	37.16282	-3.292976	0.3648616	-4.021047	2.443793	1.5188	48844
43	1499	23.41675	36.15895	-3.275777	0.159841	-6.070857	2.463343	1.5736	49555
43.5	1534	23.41669	38.09079	-3.051973	-0.07746814	-8.60662	2.438905	1.605	53168
44	1645	23.44803	35.35651	-2.917373	-0.2015429	-5.539425	2.434018	1.5815	50536
44.5	1641	23.49019	35.2281	-3.207065	-0.1774586	-5.318939	2.434018	1.5266	48266
45	1549	23.51669	33.54282	-3.498543	-0.07129527	-5.625574	2.438905	1.5658	49435
45.5	1490	23.42271	31.02064	-3.779921	-0.01811147	-6.836524	2.482893	1.6912	57190
46	1484	23.40353	36.52694	-3.783847	-0.1911152	-7.029768	2.482893	1.6128	54736
46.5	1596	23.46905	35.71917	-3.395982	-0.189471	-5.730635	2.434018	1.558	50788
47	1645	23.44863	34.64333	-3.022265	-0.1098399	-5.609083	2.424242	1.4012	43073
47.5	1520	23.38995	32.20912	-2.703833	0.05446176	-6.202212	2.458456	1.4796	42624
48	1517	23.43125	34.92904	-2.437616	0.08102896	-7.491546	2.463343	1.6207	51819
48.5	1562	23.43359	35.46031	-2.158116	0.1106709	-6.225193	2.44868	1.652	54884
49	1535	23.46881	33.99656	-1.834141	0.1822779	-5.505501	2.473118	1.5188	45070
49.5	1502	23.43039	35.45169	-1.363912	0.1967013	-6.082039	2.468231	1.4482	44481
50	1498	23.4401	34.03143	-1.065333	0.2767746	-6.935219	2.478006	1.5658	48039
50.5	1487	23.43064	34.91509	-0.8275101	0.3515371	-6.496297	2.468231	1.5266	46507
51	1526	23.4216	33.67779	-0.55128	0.3894122	-5.61412	2.468231	1.4874	43907
51.5	1452	23.42609	34.9516	-0.2382905	0.306531	-4.255936	2.482893	1.5109	43813
52	1573	23.45894	33.12086	0.07858938	0.2766554	-5.175814	2.473118	1.4091	43256
52.5	1490	23.46346	34.64925	0.2518681	0.2890022	-6.108097	2.473118	1.5109	43073
53	1534	23.40181	34.42157	0.4428885	0.2663268	-5.970555	2.463343	1.5266	41923
53.5	1465	23.43863	34.84494	0.6620543	0.2322354	-3.984894	2.482893	1.4953	44001
54	1506	23.40593	28.58297	0.9281173	0.2663044	-4.119219	2.458456	1.5188	44578
54.5	1515	23.43082	34.33459	1.255394	0.308469	-3.533525	2.468231	1.4561	43907
55	1410	23.31792	36.42971	1.839666	0.3029876	-0.3578079	2.497556	1.4639	44578
55.5	1426	23.31712	37.79173	2.865186	0.2883316	0.7119895	2.473118	1.5266	44872
56	1542	23.33512	35.82214	3.936455	0.4580353	-3.04388	2.453568	1.5188	44675
56.5	1633	23.39868	35.11857	4.972554	0.6858976	-5.562125	2.443793	1.3777	35631
57	1551	23.36002	35.42707	5.701719	0.8769658	-6.087808	2.468231	1.4482	39799
57.5	1586	23.30255	37.66947	6.215425	0.9528288	-5.044692	2.482893	1.6128	49079
58	1713	23.18024	39.72644	6.650136	0.9098728	-13.29482	2.404692	1.5501	51170
58.5	1632	23.06121	44.88759	7.59795	0.6401523	-14.5642	2.443793	1.5266	49435
59	1520	22.88399	48.01051	8.238985	0.0253078	-9.579309	2.478006	1.5815	48611
59.5	1543	22.98817	46.31005	8.557474	-0.5531873	-9.84614	2.44868	1.7225	60404
60	1681	23.03779	44.02151	8.878415	-0.9223121	-14.83299	2.438905	1.5893	51951
60.5	1641	23.07317	42.66256	9.48463	-1.326499	-15.70587	2.44868	1.5031	42010
61	1541	23.22695	36.87483	10.1168	-1.486575	-15.87807	2.463343	1.6363	54012
61.5	1538	23.18798	39.3925	10.57354	-1.387491	-15.45713	2.463343	1.6912	56556
62	1524	23.24268	36.28202	10.68719	-1.242505	-14.08327	2.458456	1.558	51688
62.5	1612	23.24496	36.82724	10.67488	-1.193536	-17.61342	2.438905	1.5423	48039
63	1536	23.22517	36.84488	10.6494	-1.214365	-17.28789	2.473118	1.5815	47926
63.5	1522	23.37102	33.16129	10.27229	-1.226031	-15.91953	2.473118	1.5971	49316
64	1516	23.40624	30.88362	9.545077	-1.104743	-16.02996	2.463343	1.5423	50287
64.5	1563	23.38515	33.08827	8.656413	-0.976166	-15.92371	2.473118	1.5423	48961
65	1487	23.46026	30.01882	7.868164	-0.6705942	-16.67947	2.473118	1.4639	47152
65.5	1510	23.38005	32.861	6.987946	-0.4477221	-16.15977	2.468231	1.4091	44578
66	1430	23.39831	31.55068	6.130895	-0.3469065	-13.31258	2.473118	1.4718	46402
66.5	1461	23.40212	32.46493	5.22105	-0.3660229	-13.28528	2.478006	1.4326	44384
67	1344	23.57293	26.4579	4.311102	-0.3460481	-11.67654	2.492669	1.5109	43813
67.5	1436	23.58694	27.35469	3.09516	-0.07655103	-11.89876	2.463343	1.4561	42183
68	1529	23.6264	23.85572	1.950065	0.138342	-10.39991	2.478006	1.3934	42535
68.5	1317	23.52935	28.13949	0.9963537	0.3376608	-9.554328	2.478006	1.4169	37809
69	1463	23.58909	23.6145	0.3657019	0.6334728	-10.20139	2.473118	1.4561	41752
69.5	1547	23.60495	26.66452	0.1839644	0.7319667	-10.07694	2.434018	1.362	40833
70	1588	23.61103	27.14957	0.209854	0.9291065	-10.26207	2.443793	1.4404	40111
70.5	1567	23.6374	26.26139	0.5240316	0.9110349	-10.94412	2.458456	1.4482	41163
71	1598	23.51675	28.05867	0.5691488	0.5201178	-13.10306	2.463343	1.4874	47702
71.5	1568	23.48067	28.77824	-0.168477	-0.0075025	-14.35723	2.468231	1.5188	49676
72	1565	23.50304	28.14606	-1.58451	0.09623808	-15.76577	2.42913	1.5736	50788
72.5	1628	23.51417	23.73347	-3.120689	0.5646577	-14.29519	2.453568	1.605	50662
73	1601	23.53193	28.73476	-4.536845	1.279714	-14.61017	2.443793	1.5344	48727
73.5	1399	23.44754	31.95189	-5.783866	2.038315	-16.12898	2.468231	1.5971	50914
74	1441	23.198	38.10146	-6.6758	2.400748	-12.04746	2.482893	1.5893	52620
74.5	1603	23.32106	29.07631	-7.14417	2.589438	-9.872812	2.434018	1.5423	50412
75	1640	23.23346	26.71102	-7.676524	2.553469	-6.686092	2.438905	1.3464	38449
75.5	1744	22.90734	47.67616	-8.071928	1.863925	-10.4045	2.40958	1.5031	41497
76	1763	22.98336	45.68893	-8.497704	0.9642799	-9.531089	2.42913	1.5658	51427
76.5	1515	23.09155	42.04186	-8.788841	0.3059162	-11.47923	2.443793	1.6912	57190
77	1467	23.12959	39.11436	-8.951498	-0.02717135	-10.83571	2.482893	1.7147	62436
77.5	1500	23.18257	38.18556	-8.969645	-0.07000728	-10.85001	2.438905	1.6677	57350
78	1606	23.28694	29.81083	-8.819599	-0.1290685	-11.829	2.453568	1.4796	45573
78.5	1520	23.34004	32.71946	-8.663142	-0.01829941	-12.19321	2.468231	1.4718	42010
79	1496	23.37661	30.60383	-8.431602	0.1778764	-11.35361	2.458456	1.5736	48844
79.5	1533	23.35953	32.68869	-8.002063	0.3020808	-10.98704	2.473118	1.6207	50536
80	1569	23.34318	32.3806	-7.493506	0.4856833	-13.13633	2.482893	1.5815	46507
80.5	1587	23.07944	36.2812	-6.720523	0.3275701	-9.739877	2.468231	1.5109	46087
81	1552	23.14502	33.95676	-5.434515	-0.3878112	-6.075889	2.468231	1.5031	46192
81.5	1476	23.22062	34.45562	-4.120551	-0.6466933	-4.594212	2.473118	1.5815	48039
82	1582	23.38571	31.32996	-2.37266	-0.7517085	2.196147	2.487781	1.5109	45880
82.5	1539	23.28487	33.63093	-0.676018	-0.8727953	1.254173	2.458456	1.5188	45777
83	1634	23.31638	32.05692	0.6808313	-0.9873542	-0.43903	2.42913	1.4169	44773
83.5	1619	23.31257	33.19822	1.362213	-0.9416739	-2.75044	2.458456	1.5501	46087
84	1640	23.35992	30.14203	1.8309	-0.8527908	-1.360751	2.453568	1.5266	48153
84.5	1606	23.38749	30.4984	2.607398	-0.7578185	-1.248155	2.443793	1.6677	54444
85	1606	23.33298	31.28484	3.402514	-0.4463894	-3.56391	2.458456	1.6442	54012
85.5	1622	23.32726	33.00869	4.290868	0.06444171	-6.9232	2.463343	1.6363	54444
86	1541	23.37452	30.94843	5.177182	0.5836379	-5.761102	2.458456	1.6207	52217
86.5	1445	22.94201	42.9087	5.730466	0.7447709	-5.844745	2.473118	1.5971	51951
87	1504	22.73539	49.75035	6.222901	-0.02920261	-4.848259	2.468231	1.5815	50164
87.5	1540	23.06973	40.17648	6.502167	-0.493077	-5.621077	2.468231	1.5893	49435
88	1632	22.99443	41.70135	6.92527	-0.6979258	-9.698856	2.42913	1.5188	42183
88.5	1638	23.05166	40.72948	7.539476	-0.7825707	-11.36752	2.434018	1.5658	45573
89	1522	23.11773	37.36425	7.988137	-0.8131878	-9.557194	2.458456	1.6285	48153
89.5	1531	23.13758	36.88837	8.227982	-0.8001412	-9.916501	2.478006	1.6677	55031
90	1541	23.33974	28.9608	8.287398	-0.5094742	-8.862444	2.453568	1.6363	53587
90.5	1538	23.32111	31.84072	8.227183	-0.1269108	-11.02714	2.478006	1.4953	46192
91	1522	23.31509	31.92728	8.159893	0.1775893	-12.15958	2.473118	1.5423	45070
91.5	1434	23.23912	35.41436	8.054002	0.2885154	-13.73979	2.468231	1.605	46402
92	1495	23.23809	32.01366	7.90558	0.2567506	-14.19175	2.473118	1.5266	46192
92.5	1546	23.32351	28.47384	7.677622	0.3075558	-13.02281	2.482893	1.5344	44288
93	1480	23.32769	30.16651	7.248832	0.3816528	-13.94226	2.463343	1.4953	43532
93.5	1473	23.26472	33.37248	6.77913	0.4570433	-12.68026	2.473118	1.4874	45270
94	1456	23.28294	32.87084	5.967815	0.3629842	-12.00119	2.463343	1.5344	44773
94.5	1432	23.23457	34.9516	4.931737	0.2751507	-13.21329	2.482893	1.4718	42982
95	1460	23.26868	32.81587	4.031529	0.3423359	-14.79467	2.468231	1.4247	42713
95.5	1491	23.25448	33.6045	3.316321	0.2703689	-14.2198	2.463343	1.4561	41837
96	1568	23.2342	27.63776	2.672716	0.1212375	-13.98656	2.482893	1.4247	40752
96.5	1527	23.23783	35.21539	2.222265	0.1423154	-15.36803	2.463343	1.5109	44288
97	1551	23.29852	27.6678	1.945618	0.1226391	-15.28681	2.458456	1.5815	46192
97.5	1530	23.30814	25.26081	1.777558	0.04529668	-14.05045	2.468231	1.5344	47591
98	1491	23.40556	28.81475	1.653337	0.03070051	-14.49635	2.458456	1.4247	48039
98.5	1567	23.38091	25.93484	1.655176	0.2750182	-14.37782	2.473118	1.5188	47702
99	1573	23.4291	15.7337	1.72074	0.393703	-12.0004	2.458456	1.5031	47152
99.5	1509	23.41054	28.4722	1.856795	0.393226	-11.9368	2.463343	1.4796	47043
100	1608	23.30962	27.77314	2.190231	0.07841209	-10.62531	2.453568	1.4953	47591
100.5	1554	23.34342	24.59088	2.441109	-0.5489699	-9.485264	2.443793	1.5501	47926
101	1582	23.32289	30.60957	2.585629	-0.799537	-12.95019	2.44868	1.6207	50287
101.5	1599	23.28288	29.80057	2.657233	-0.6933944	-15.4756	2.463343	1.5815	53307
102	1499	23.19382	27.15162	2.417264	-0.5000467	-17.32295	2.468231	1.6207	53587
102.5	1482	23.26813	33.36642	2.152268	-0.130828	-13.35405	2.482893	1.6285	54012
103	1531	23.25995	29.11505	1.979875	0.1683798	-9.532627	2.482893	1.558	48266
103.5	1619	23.35828	19.13107	1.431864	0.155484	-9.632803	2.443793	1.4874	42358
104	1590	23.31791	30.16569	0.7591176	0.1854163	-10.59737	2.434018	1.5423	47481
104.5	1561	23.18257	30.7868	-0.379099	0.3130131	-15.30211	2.443793	1.6285	52485
105	1429	23.20217	24.48613	-1.718449	0.4026494	-11.36276	2.492669	1.6598	54156
105.5	1581	23.27034	32.72684	-2.144566	0.6380297	-7.264672	2.463343	1.558	49555
106	1563	23.27925	28.83896	-2.250526	0.7545294	-6.292374	2.453568	1.4953	46192
106.5	1575	23.30525	21.93126	-2.326854	0.9767911	-8.970682	2.453568	1.4091	40033
107	1469	23.27833	31.97856	-2.524403	0.7042574	-7.245254	2.478006	1.6285	52485
107.5	1544	23.26211	28.63999	-2.458536	0.5897227	-5.904813	2.478006	1.6207	52217
108	1562	23.2693	26.91327	-2.220621	0.4690793	-4.934442	2.478006	1.4953	45573
108.5	1577	23.12387	36.48469	-1.883963	0.2439355	-5.02113	2.42913	1.5188	42535
109	1596	23.17139	29.54376	-1.684066	-0.004833653	-6.938915	2.44868	1.5266	49197
109.5	1612	23.17673	21.5202	-1.783556	-0.1295608	-8.096081	2.458456	1.6285	50914
110	1651	23.16686	35.54815	-1.938596	-0.2779902	-6.158386	2.443793	1.5971	50412
110.5	1658	23.17323	29.91093	-2.071235	-0.2487131	-8.381149	2.434018	1.558	51688
111	1596	23.20212	22.05228	-2.016299	-0.01940565	-7.488371	2.453568	1.6598	53447
111.5	1601	23.17587	35.50028	-1.450096	-0.001766869	-7.757743	2.458456	1.6833	56871
112	1611	23.1275	32.38019	-0.4638209	0.1451839	-9.738276	2.438905	1.6285	55031
112.5	1622	23.13076	31.66677	0.6893007	0.4562432	-7.459775	2.443793	1.5736	50914
113	1580	23.13872	35.3339	1.903065	0.777471	-7.868664	2.443793	1.6442	53587
113.5	1545	22.62141	48.55449	3.104794	0.3163897	-9.283669	2.463343	1.6207	52217
114	1638	22.57968	44.59604	4.286046	-0.4548589	-11.39077	2.44868	1.652	54012
114.5	1736	22.67024	49.8324	5.421026	-0.9847112	-13.00401	2.404692	1.6128	50287
115	1647	22.76622	41.87078	6.61131	-1.272173	-13.97845	2.438905	1.5423	49197
115.5	1525	22.95295	35.23139	7.459599	-1.394336	-10.57687	2.473118	1.6912	54590
116	1481	23.16146	33.98922	7.939651	-1.190455	-10.15394	2.478006	1.6598	58838
116.5	1530	23.13764	30.67398	8.299294	-0.7082295	-10.55251	2.463343	1.5736	51042
117	1567	23.24717	26.91819	8.688018	-0.1721739	-12.28767	2.463343	1.4326	41246
117.5	1464	23.36893	26.94937	9.087343	0.4830942	-11.91353	2.482893	1.5188	45070
118	1461	23.33715	23.07215	9.473881	1.158826	-11.86603	2.492669	1.5501	49797
118.5	1502	23.23334	26.42385	10.00878	1.639467	-15.17267	2.473118	1.4561	42183
119	1422	23.14029	33.54242	10.68215	1.798351	-15.81607	2.482893	1.3542	38963
119.5	1439	23.10181	31.40011	11.25202	1.675033	-14.2608	2.478006	1.4874	38522
120	1479	23.14305	24.31109	11.56182	1.432234	-15.2309	2.478006	1.4796	41246
120.5	1474	23.10808	35.26257	11.88801	1.351476	-19.75301	2.473118	1.4169	35262
121	1456	23.08559	32.12671	12.13604	1.193976	-19.04679	2.478006	1.4874	44675
121.5	1476	23.09634	29.22664	11.92951	0.9330432	-17.96289	2.478006	1.4796	41923
122	1438	23.10488	34.43428	11.47529	0.6599541	-17.69953	2.478006	1.3699	39414
122.5	1480	23.24273	27.59715	10.71639	0.7079543	-17.79206	2.482893	1.4718	38889
123	1420	23.30335	18.07866	9.774036	1.064391	-17.61999	2.487781	1.4639	44872
123.5	1476	23.34158	27.80925	8.7197	1.341935	-16.73886	2.487781	1.4874	42183
124	1419	23.2846	24.80379	7.715366	1.53237	-17.20422	2.492669	1.4012	38233
124.5	1382	23.29358	18.0442	6.775052	1.679796	-17.23526	2.482893	1.4639	37600
125	1385	23.2071	31.05018	5.937501	1.68565	-16.61142	2.478006	1.4326	38377
125.5	1400	23.2031	29.07198	5.231941	1.519708	-16.71943	2.482893	1.4247	37879
126	1517	23.08141	22.07731	4.718511	1.331678	-16.68029	2.473118	1.4404	37257
126.5	1491	23.0516	36.35176	4.305813	0.8796789	-15.12784	2.468231	1.4404	39338
127	1540	23.07212	31.55273	3.957143	0.4644946	-15.37983	2.478006	1.4718	39721
127.5	1496	23.06353	23.43818	3.868874	0.2736844	-17.17523	2.458456	1.4404	42446
128	1461	23.11755	33.87307	3.847615	0.07368823	-14.79021	2.468231	1.4482	42713
128.5	1606	23.03058	36.97329	3.872026	-0.1897759	-14.39907	2.453568	1.4796	42892
129	1608	23.07453	29.05306	4.153399	-0.267715	-16.95207	2.453568	1.5109	43719
129.5	1636	23.02861	37.08529	4.715442	-0.2151445	-19.14687	2.453568	1.5423	46720
130	1581	23.01779	32.30717	5.173948	-0.2132851	-18.46263	2.453568	1.5815	51557
130.5	1505	23.01231	30.11605	5.218966	-0.4106704	-19.66525	2.473118	1.6285	51170
131	1572	23.06942	34.5992	5.055062	-0.3376177	-17.79072	2.438905	1.5815	52485
131.5	1669	23.05952	31.47847	4.419346	-0.3826475	-14.93926	2.443793	1.6442	52217
132	1673	23.05633	36.06131	3.412241	-0.1771906	-17.09305	2.438905	1.5109	42010
132.5	1540	23.07434	35.22647	1.861553	-0.02003473	-16.15425	2.438905	1.6598	54156
133	1474	22.95897	32.80561	0.178065	-0.06067373	-16.42639	2.458456	1.6128	57030
133.5	1437	23.02276	31.50541	-1.215032	-0.1387419	-10.27299	2.482893	1.605	52893
134	1555	23.01515	31.24176	-1.431511	-0.2891814	-2.711174	2.458456	1.5109	47926
134.5	1650	22.98269	37.66414	-1.401601	-0.5948302	-4.181488	2.44868	1.4482	39338
135	1565	22.99708	30.31844	-1.690984	-0.7435087	-5.243652	2.443793	1.5736	41329
135.5	1533	22.95227	38.32915	-1.874058	-0.8217551	-5.014534	2.44868	1.652	53447
136	1610	23.01257	31.19171	-1.883698	-0.9829859	-5.071314	2.468231	1.5971	53307
136.5	1584	22.95977	31.43663	-2.097013	-1.010582	-6.487303	2.463343	1.5266	49676
137	1643	22.95596	37.13944	-2.530968	-1.001787	-6.712017	2.434018	1.5658	48266
137.5	1598	22.97569	32.56193	-3.201222	-0.9068214	-8.30248	2.458456	1.558	48496
138	1657	22.91933	31.90882	-3.723313	-0.8150188	-8.033176	2.438905	1.652	51951
138.5	1646	22.96567	37.36917	-3.944043	-0.7572283	-8.084957	2.434018	1.6442	53728
139	1632	22.96315	32.38019	-3.57323	-0.5640758	-8.622245	2.458456	1.6285	52756
139.5	1562	22.93752	32.96397	-2.748482	-0.3377053	-9.845223	2.468231	1.6442	53587
140	1655	22.95639	36.5733	-1.44528	-0.08989146	-11.09177	2.463343	1.6598	53728
140.5	1538	22.85989	36.69925	0.2072648	0.2536376	-12.66564	2.478006	1.5971	52756
141	1581	22.27366	53.45527	1.943443	-0.4089587	-16.28307	2.463343	1.6128	53728
141.5	1615	22.41515	41.17624	3.13218	-1.053723	-15.95912	2.419355	1.6285	54012
142	1734	22.61963	42.47672	4.06112	-1.193028	-16.9078	2.424242	1.5971	46827
142.5	1640	22.78152	34.62053	5.320953	-0.975301	-19.16136	2.438905	1.5658	50914
143	1453	22.89895	37.22969	6.757149	-0.6438994	-17.81478	2.487781	1.7069	54590
143.5	1434	23.10648	27.21357	7.770561	0.07971439	-16.92923	2.463343	1.746	58838
144	1538	23.16788	17.74759	8.462553	0.9859905	-16.58634	2.44868	1.5736	48039
144.5	1434	23.2055	28.2039	9.109707	1.720892	-19.31221	2.458456	1.4247	39567
145	1485	23.04957	27.22136	9.808411	2.295306	-21.67005	2.463343	1.5109	44096
145.5	1532	22.93014	30.43153	10.52465	2.320532	-21.87072	2.463343	1.5266	46827
146	1507	22.87538	37.69162	11.20578	2.052848	-21.59329	2.453568	1.4561	45983
146.5	1512	22.92565	34.6684	11.72694	1.817988	-23.69207	2.468231	1.5423	46613
147	1509	22.99622	22.81534	12.14452	1.794398	-23.38013	2.458456	1.558	47702
147.5	1488	22.89425	36.88878	12.39626	1.840509	-22.55337	2.478006	1.5423	48381
148	1496	22.82171	34.39946	12.53755	1.701766	-22.50371	2.458456	1.4874	46087
148.5	1412	22.9736	29.14746	12.5007	1.460193	-21.5456	2.473118	1.5031	44773
149	1438	23.11404	29.67052	12.18092	1.58756	-20.74438	2.478006	1.5344	44192
149.5	1345	23.20372	23.41963	11.71169	1.974886	-20.23476	2.473118	1.5736	45983
150	1445	23.2248	20.73581	11.0135	2.291265	-19.00846	2.473118	1.5031	42271
150.5	1540	23.07618	31.76482	10.29831	2.437829	-18.98178	2.463343	1.4482	40429
151	1525	23.00286	29.46171	9.666205	2.040373	-17.80159	2.453568	1.4091	39567
151.5	1536	22.8079	34.00271	8.992789	1.308137	-17.18129	2.473118	1.4639	40190
152	1486	22.87132	38.22043	8.35315	0.4629636	-17.84596	2.468231	1.4326	44192
152.5	1429	22.98454	30.47337	7.709794	0.1897053	-21.00547	2.468231	1.5109	45270
153	1546	22.90509	31.56102	7.128965	0.286818	-20.8557	2.458456	1.5423	45070
153.5	1582	22.93328	36.34028	6.57519	0.3423978	-17.6254	2.42913	1.4874	44096
154	1607	23.02025	28.83691	6.183463	0.1072851	-16.84436	2.42913	1.5501	44192
154.5	1652	23.02566	26.1535	5.804416	-0.1958844	-17.54212	2.443793	1.5971	47043
155	1613	22.97907	15.57822	5.095135	-0.5068391	-18.65215	2.443793	1.6598	50164
155.5	1560	22.93316	31.61057	3.969627	-0.516943	-20.43933	2.453568	1.558	53030
156	1634	23.00958	32.73615	2.314691	-0.4114916	-20.32894	2.458456	1.5893	52217
156.5	1581	22.98141	35.18298	0.2759579	-0.1644386	-20.10063	2.463343	1.6128	50412
157	1585	23.03752	29.00593	-1.872119	0.1242027	-18.04085	2.458456	1.5893	50287
157.5	1597	22.99743	25.89281	-3.932382	0.4674747	-17.86964	2.453568	1.5971	50164
158	1571	22.78177	39.66285	-5.598926	0.5422473	-14.74937	2.463343	1.5815	50914
158.5	1574	22.78712	38.19582	-6.975178	0.5627817	-13.85229	2.434018	1.6363	51042
159	1566	22.86685	31.14348	-8.170927	0.6153114	-14.46501	2.463343	1.5501	49797
159.5	1482	22.83912	38.34433	-9.242394	0.6328999	-14.08638	2.473118	1.6677	51427
160	1554	22.78951	35.55138	-10.03457	0.612799	-13.30972	2.468231	1.6207	52756
160.5	1590	22.83783	31.38781	-10.55395	0.5557533	-10.90652	2.463343	1.5893	49316
161	1584	22.86149	36.59791	-10.80555	0.4140304	-12.52256	2.438905	1.5344	46296
161.5	1536	22.95934	30.27399	-10.92005	0.5320463	-11.51634	2.468231	1.5266	50412
162	1509	22.94993	26.3418	-10.98623	0.719776	-12.45989	2.458456	1.6285	50788
162.5	1449	22.93758	34.73828	-10.9661	0.7047662	-9.548973	2.492669	1.5266	46827
163	1520	23.0004	27.65704	-10.86443	0.5229523	-10.54933	2.482893	1.5266	45370
163.5	1480	22.98712	27.91427	-10.84109	0.5824946	-13.75335	2.478006	1.5188	45573
164	1467	22.92558	34.65791	-10.62665	0.5574396	-10.02083	2.473118	1.5344	45471
164.5	1490	22.94484	30.7626	-10.18825	0.5968074	-8.579485	2.463343	1.5736	44773
165	1483	22.88067	25.72397	-9.446597	0.5573342	-3.674899	2.478006	1.4796	42982
165.5	1491	22.94573	34.22214	-8.399871	0.315477	-1.927989	2.453568	1.5109	41923
166	1522	23.04256	27.02896	-7.496313	0.2011485	-5.481209	2.468231	1.5109	43440
166.5	1597	22.94588	28.60635	-6.803359	0.227152	-5.063757	2.453568	1.4796	43440
167	1664	22.96069	32.82002	-6.039795	0.1280977	-5.829945	2.443793	1.5344	45270
167.5	1580	23.01208	28.1797	-5.012249	0.08904219	-6.581977	2.453568	1.6128	50412
168	1521	22.95129	25.64685	-3.535699	0.2035113	-8.48929	2.453568	1.605	52893
168.5	1564	22.97618	33.27452	-1.798619	0.4840669	-10.48584	2.478006	1.6598	53870
169	1644	22.82885	34.80925	0.02208957	0.8978823	-9.867342	2.453568	1.6207	51557
169.5	1710	22.42369	46.54552	2.088463	0.5274811	-14.54325	2.438905	1.558	50536
170	1563	22.09886	49.93988	4.386247	-0.4058608	-16.05399	2.468231	1.605	49797
170.5	1514	22.46997	45.8436	6.111293	-0.9589077	-13.86411	2.458456	1.6677	56244
171	1605	22.76001	36.11506	7.049352	-0.6920105	-15.35001	2.434018	1.605	50914
171.5	1623	22.8267	21.03201	7.802239	-0.3160923	-16.73655	2.434018	1.4796	41080
172	1618	22.84797	31.39232	8.644321	0.1098096	-19.824	2.463343	1.5501	43813
172.5	1462	22.81269	29.51463	9.575311	0.341564	-20.61858	2.44868	1.652	52620
173	1576	22.87618	15.40673	10.37151	0.613241	-20.58445	2.468231	1.6207	51819
173.5	1537	22.92217	33.82147	11.07067	0.9623262	-21.9505	2.44868	1.5893	45983
174	1517	22.81865	24.74267	11.77273	1.179647	-21.74297	2.468231	1.4953	43440
174.5	1505	22.85147	35.72573	12.34805	1.256813	-21.57616	2.458456	1.5188	46935
175	1552	22.86284	30.73059	12.76437	1.340873	-22.16887	2.453568	1.558	46507
175.5	1577	22.86788	28.3959	13.05955	1.410924	-22.19085	2.44868	1.5815	44971
176	1536	22.91398	31.92523	13.18363	1.489438	-21.71691	2.468231	1.5188	45370
176.5	1537	22.81564	33.56087	13.25819	1.552993	-21.73322	2.468231	1.5815	45370
177	1547	22.8157	25.3636	13.20115	1.597584	-21.17813	2.468231	1.5344	44001
177.5	1519	22.76634	38.04074	12.96069	1.521472	-22.04204	2.44868	1.5344	44872
178	1437	22.82928	31.52442	12.72259	1.394236	-21.70727	2.44868	1.3934	42802
178.5	1637	22.73805	32.02733	12.33833	0.987576	-18.77623	2.443793	1.4796	42892
179	1586	22.81939	35.18585	11.97813	0.6173078	-19.03839	2.453568	1.5188	43347
179.5	1640	22.83881	34.41829	11.56014	0.04687541	-19.84027	2.424242	1.5423	46935
180	1573	22.75706	28.8246	10.62661	-0.3953308	-20.03505	2.458456	1.558	50914
180.5	1690	22.84742	35.67076	9.176614	-0.8399944	-20.97078	2.453568	1.5893	51042
181	1604	22.83266	31.00382	6.928546	-0.8476121	-20.14108	2.443793	1.6755	52485
181.5	1640	22.8334	30.11933	4.034791	-0.8101168	-22.74615	2.438905	1.5736	51951
182	1474	22.61422	41.36946	0.6777152	-0.6740388	-22.51883	2.473118	1.5736	54444
182.5	1534	22.66677	36.43382	-1.554301	-0.4236594	-14.05473	2.44868	1.605	53030
183	1669	22.75374	37.98864	-3.199154	-0.4065251	-11.39261	2.42913	1.5031	47814
183.5	1640	22.83389	35.12759	-4.709261	-0.3917372	-10.39288	2.44868	1.4247	40270
184	1516	22.82762	30.20794	-6.162344	-0.2021212	-14.15936	2.458456	1.6207	53870
184.5	1506	22.74237	31.69262	-7.660527	0.1504413	-15.34483	2.487781	1.6598	54884
185	1487	22.86536	33.13668	-8.672221	0.440755	-9.924061	2.473118	1.5736	51951
185.5	1531	22.86622	29.29474	-9.082168	0.5429239	-6.814388	2.458456	1.5188	44481
186	1593	22.88208	24.32422	-9.3604	0.8209857	-10.92933	2.44868	1.5109	41667
186.5	1396	22.87852	32.89956	-9.834474	1.036444	-10.54144	2.478006	1.4953	47261
187	1538	22.90882	28.39877	-10.11508	1.068755	-10.71677	2.478006	1.6128	50412
187.5	1565	22.8889	26.14816	-10.36562	1.005057	-9.496698	2.468231	1.5188	46296
188	1537	22.72685	19.16343	-10.65722	0.7292382	-12.99676	2.487781	1.5031	44384
188.5	1554	22.72092	34.60495	-11.17086	0.5854631	-17.48755	2.458456	1.4639	42624
189	1462	22.65424	35.95383	-11.76819	0.4878977	-17.2325	2.482893	1.4796	45370
189.5	1478	22.64231	26.34499	-12.10821	0.33537	-15.60712	2.473118	1.5266	46402
190	1608	22.6436	38.16751	-12.1074	0.288026	-15.52361	2.453568	1.3777	43256
190.5	1461	22.66444	34.76945	-11.99126	0.2869592	-15.66344	2.478006	1.5031	41163
191	1568	22.63131	27.29858	-11.6086	0.1631652	-14.96481	2.482893	1.5423	45880
191.5	1534	22.71398	35.90829	-11.14476	0.09939428	-14.59613	2.473118	1.6128	46827
192	1551	22.79265	29.09618	-10.64722	0.3758142	-14.80461	2.487781	1.3777	42535
192.5	1599	22.80445	34.19634	-10.12931	0.6609046	-11.76871	2.44868	1.6207	46720
193	1581	22.86782	28.44513	-9.682713	0.9689735	-11.9667	2.44868	1.5344	43719
193.5	1530	22.82473	27.0187	-9.263247	1.231327	-10.32441	2.482893	1.5109	45471
194	1562	22.72006	19.44436	-8.55578	1.238528	-9.170274	2.453568	1.5736	48844
194.5	1613	22.64803	35.74871	-7.436335	1.012896	-11.98011	2.443793	1.5736	48153
195	1641	22.48165	39.74531	-6.172863	0.5596146	-14.3742	2.443793	1.5658	47261
195.5	1669	22.42086	45.75703	-4.518293	0.04509102	-16.00668	2.414467	1.6285	51557
196	1715	22.46364	39.31455	-2.40627	-0.4189774	-17.02591	2.438905	1.6755	54736
196.5	1638	22.40543	39.14799	0.05071628	-0.7301717	-20.0947	2.453568	1.6363	54156
197	1514	22.24219	50.8256	2.536692	-1.118835	-19.58331	2.482893	1.6677	55783
197.5	1564	22.42652	40.35165	4.390021	-0.7711036	-20.85697	2.458456	1.6677	55783
198	1602	22.41158	41.38834	5.84797	-0.4805648	-22.02063	2.443793	1.5266	43073
198.5	1647	22.45006	43.02809	6.993056	-0.3354115	-20.79955	2.453568	1.5109	42535
199	1500	22.46399	39.46324	7.942006	-0.3659053	-20.47544	2.463343	1.605	52083
199.5	1508	22.45	36.61597	8.665062	-0.3755527	-20.31817	2.44868	1.5658	52485
200	1598	22.42068	43.70089	9.306699	-0.2219416	-21.58689	2.463343	1.5971	48266
200.5	1558	22.45887	39.41994	9.756862	-0.362387	-20.83753	2.473118	1.558	46613
201	1497	22.75258	22.96549	10.02025	-0.01212823	-21.60876	2.463343	1.5736	48496
201.5	1434	22.69308	35.31877	10.16885	0.5057406	-20.77266	2.478006	1.5031	47814
202	1560	22.65688	31.91538	10.22485	0.8228835	-18.73412	2.453568	1.4718	43164
202.5	1505	22.70046	28.3762	10.25633	0.8448412	-16.54595	2.478006	1.4326	41667
203	1640	22.74926	32.57957	10.21217	0.6872245	-17.35404	2.434018	1.5658	43719
203.5	1575	22.74109	32.93689	10.01278	0.3351866	-17.31353	2.458456	1.5815	49676
204	1615	22.79282	23.12366	9.100885	-0.2454438	-17.54977	2.453568	1.605	51819
204.5	1632	22.76094	18.4089	7.225354	-0.5928183	-20.077	2.44868	1.5736	53587
205	1634	22.69148	25.589	4.379427	-0.4979202	-22.60805	2.419355	1.652	53307
205.5	1625	22.72112	34.98201	1.407413	-0.09725418	-21.83086	2.438905	1.652	53030
206	1425	22.59923	36.42684	-1.246438	0.4027744	-16.551	2.482893	1.6755	54300
206.5	1497	22.76051	29.90149	-2.909154	1.026936	-11.27772	2.443793	1.6207	51819
207	1629	22.80067	23.94369	-4.164992	1.361592	-8.32095	2.434018	1.4169	42713
207.5	1460	22.76665	16.7708	-5.333268	1.810842	-9.96235	2.468231	1.4953	41163
208	1537	22.34692	32.0762	-6.544841	1.626307	-12.76755	2.453568	1.605	53587
208.5	1570	22.39701	39.3486	-7.768952	1.097395	-13.60666	2.453568	1.5971	50041
209	1600	22.36401	35.47179	-8.853013	0.5858389	-12.90202	2.44868	1.5893	48961
209.5	1608	22.51281	32.07989	-9.585262	0.2125731	-11.90818	2.458456	1.6363	47370
210	1561	22.56395	32.82408	-10.14657	0.2218024	-13.10465	2.458456	1.558	50164
210.5	1542	22.61957	24.96584	-10.56128	0.3090571	-11.37321	2.473118	1.6442	52485
211	1611	22.58896	21.15426	-10.88984	0.3956448	-11.85364	2.468231	1.6442	51170
211.5	1562	22.59413	31.99907	-11.34549	0.5321845	-15.18933	2.44868	1.5344	46402
212	1477	22.63278	27.66607	-11.90748	0.6840225	-17.06149	2.44868	1.5188	45675
212.5	1434	22.53285	28.62768	-12.51141	0.7630108	-15.61539	2.473118	1.5031	47702
213	1554	22.6023	30.8549	-12.91989	0.7521116	-15.65648	2.463343	1.5658	47152
213.5	1596	22.59112	28.91362	-13.18729	0.871592	-16.50566	2.468231	1.5423	45170
214	1498	22.54723	23.61942	-13.37854	0.9324584	-15.83498	2.458456	1.4796	40033
214.5	1456	22.65344	29.8937	-13.54369	0.9480547	-14.94889	2.478006	1.5736	49555
215	1506	22.635	24.53764	-13.55921	0.9024211	-14.35391	2.478006	1.4874	45471
215.5	1530	22.57268	25.95699	-13.53496	0.8850781	-15.25721	2.473118	1.4953	43532
216	1535	22.63789	28.96326	-13.38679	0.7380576	-13.97951	2.478006	1.4874	43813
216.5	1607	22.56721	26.8263	-13.2741	0.6461463	-17.60232	2.473118	1.5109	43907
217	1540	22.57765	26.35944	-13.35983	0.6074487	-18.38618	2.478006	1.4874	43164
217.5	1569	22.55172	24.49037	-13.1449	0.5114681	-19.30279	2.463343	1.5031	44192
218	1538	22.65362	23.3224	-12.9048	0.7185947	-19.46435	2.478006	1.5344	45675
218.5	1479	22.69302	28.48861	-12.65875	0.9659421	-18.2912	2.468231	1.5031	46507
219	1483	22.55252	20.34854	-12.35608	1.033248	-17.71608	2.478006	1.5344	43073
219.5	1526	22.49413	27.08024	-12.09493	0.9468675	-17.71459	2.463343	1.5344	44384
220	1579	22.53328	28.48245	-11.83582	0.8790254	-17.11599	2.434018	1.5188	43719
220.5	1569	22.5484	27.53479	-11.67998	0.895211	-18.4207	2.463343	1.5736	44384
221	1573	22.54754	27.34075	-11.5636	0.830768	-18.20134	2.458456	1.5658	48266
221.5	1555	22.52707	34.09665	-11.3104	0.6811361	-16.21473	2.463343	1.6755	52217
222	1696	22.53414	21.70809	-10.43189	0.3362933	-15.4756	2.434018	1.558	47370
222.5	1653	22.48644	28.01273	-8.757334	0.3240689	-20.43127	2.438905	1.5815	49435
223	1648	22.51412	17.58171	-5.846747	0.2446411	-20.96584	2.443793	1.699	54884
223.5	1554	22.27925	28.95219	-2.462238	0.0955375	-23.51464	2.458456	1.7304	57030
224	1323	21.94772	45.58022	0.9703674	-0.2946555	-20.32916	2.502444	1.6598	58500
224.5	1527	22.06112	48.30793	3.289385	-0.6551259	-17.97566	2.463343	1.6128	52620
225	1578	22.14022	34.94093	4.87153	-1.039946	-16.20667	2.463343	1.4326	42446
225.5	1645	22.26782	34.8474	5.910765	-1.202262	-19.53004	2.438905	1.5031	41163
226	1500	22.32055	23.49635	6.996985	-0.6750794	-21.22388	2.463343	1.558	47814
226.5	1579	22.31662	28.10503	7.878876	-0.3834826	-18.8804	2.468231	1.7304	55783
227	1555	22.32529	29.51545	8.594224	-0.306739	-18.59428	2.478006	1.5109	51170
227.5	1546	22.35085	35.28513	9.177923	-0.2538349	-19.65707	2.458456	1.5344	42271
228	1534	22.33254	34.01255	9.655105	0.001388658	-20.69993	2.443793	1.4718	44192
228.5	1562	22.32301	25.29363	10.09356	0.1786908	-21.41914	2.438905	1.5031	45471
229	1668	22.43875	16.36424	10.45323	0.4349713	-19.21676	2.424242	1.4561	46507
229.5	1679	22.35739	24.72726	10.60374	0.009931576	-19.59174	2.434018	1.558	44773
230	1674	22.31023	32.80766	9.896924	-0.6630878	-21.11486	2.443793	1.699	52620
230.5	1708	22.30531	42.72533	7.963046	-1.091894	-22.70546	2.438905	1.6755	57350
231	1653	22.14487	42.75523	4.844439	-1.245701	-28.86307	2.453568	1.6833	56244
231.5	1629	22.35239	26.8665	2.093815	-1.028617	-22.27558	2.458456	1.7069	57030
232	1683	22.42271	23.49881	-0.4234577	-0.7874314	-19.97389	2.44868	1.6598	58002
232.5	1608	22.29781	33.55144	-3.293288	-0.3999929	-22.88335	2.453568	1.5736	51170
233	1499	22.28804	35.70604	-5.88881	-0.1998277	-17.15107	2.482893	1.699	55031
233.5	1591	22.38534	31.17407	-7.565861	0.07540632	-14.09214	2.453568	1.6912	54156
234	1728	22.44754	31.10638	-8.831841	0.2624155	-18.08615	2.419355	1.4953	44096
234.5	1579	22.37962	26.47144	-10.31048	0.5989994	-22.10002	2.458456	1.5188	42982
235	1452	22.55061	21.83075	-11.56408	0.9598549	-20.53743	2.492669	1.6912	53587
235.5	1518	22.6315	17.62862	-12.42101	1.652391	-21.0162	2.453568	1.6285	52756
236	1522	22.66983	17.12543	-13.12484	2.206211	-19.33277	2.473118	1.4718	45777
236.5	1515	22.67944	17.54452	-13.75129	2.724724	-20.33912	2.468231	1.5109	45370
237	1552	22.71238	22.84406	-14.30689	3.059673	-20.48804	2.487781	1.5501	47370
237.5	1475	22.38846	25.04907	-14.98139	3.111127	-21.17587	2.453568	1.4796	45983
238	1520	22.45049	26.96291	-15.59187	2.828701	-21.78292	2.458456	1.3777	42446
238.5	1464	22.40291	26.75984	-16.14249	2.580211	-22.78522	2.453568	1.5815	45170
239	1505	22.40679	24.63846	-16.62914	2.364287	-21.17264	2.473118	1.558	45675
239.5	1523	22.46696	31.65119	-16.98709	2.133113	-22.16374	2.463343	1.5423	45983
240	1599	22.40285	21.63301	-17.31765	1.93612	-22.10013	2.458456	1.4953	44192
240.5	1525	22.41441	22.54909	-17.65052	1.704344	-20.65891	2.463343	1.4953	44288
241	1542	22.43752	14.89598	-18.02008	1.199139	-22.44713	2.463343	1.5971	48844
241.5	1629	22.37648	22.13187	-18.13599	0.6892993	-19.52841	2.44868	1.5971	51170
242	1703	22.43064	24.48544	-17.64193	0.2958595	-20.78197	2.434018	1.5344	46296
242.5	1692	22.45848	31.6598	-16.3595	0.000568783	-20.44246	2.443793	1.6442	49316
243	1625	22.43647	18.21978	-13.64093	-0.2009902	-22.57112	2.458456	1.7304	57838
243.5	1413	22.17796	31.85221	-9.816297	-0.1302778	-30.21926	2.44868	1.6912	58669
244	1512	22.32289	20.75837	-6.453235	0.250667	-24.64198	2.463343	1.6442	55936
244.5	1687	22.36555	24.66513	-3.634242	0.4296535	-22.22672	2.434018	1.5893	50287
245	1646	22.46229	25.20912	-0.5691932	0.6035505	-23.69913	2.438905	1.5266	42010
245.5	1561	22.26472	37.88335	2.516244	0.7917584	-26.86878	2.507331	1.605	54300
246	1382	22.18374	25.83884	5.354695	1.060782	-21.54762	2.502444	1.6598	55631
246.5	1554	22.3031	28.37046	7.288035	1.45039	-22.53817	2.44868	1.5971	50164
247	1590	22.55837	10.97541	8.783257	1.732965	-22.48934	2.468231	1.3385	36524
247.5	1537	22.61687	12.10468	10.06872	2.448719	-25.44709	2.482893	1.5971	43347
248	1421	22.56899	18.67351	11.35074	3.029158	-24.61181	2.478006	1.6285	49919
248.5	1537	22.28493	36.55598	12.49193	2.974907	-21.97859	2.463343	1.5109	46192
249	1639	21.99222	30.84341	13.35833	1.825261	-22.09682	2.438905	1.4874	39721
249.5	1635	21.93364	38.90103	14.10474	0.8791892	-22.11907	2.443793	1.605	45070
250	1690	21.96478	37.19231	14.84514	0.01544602	-22.1069	2.434018	1.6207	50164
250.5	1704	22.04588	36.43874	15.28222	-0.6261798	-22.93732	2.434018	1.5893	50788
251	1748	22.17716	31.97036	14.87391	-1.029407	-23.94705	2.42913	1.6598	55783
251.5	1694	22.21637	29.51176	13.18772	-1.48463	-25.48234	2.434018	1.7147	55631
252	1777	22.07636	40.91204	10.02477	-1.881951	-28.61899	2.404692	1.652	58002
252.5	1628	22.10906	38.1593	6.313081	-2.007715	-28.41456	2.44868	1.699	57512
253	1463	22.07796	36.27382	3.559876	-1.905755	-23.33025	2.458456	1.699	57512
253.5	1694	22.21502	34.45726	1.439797	-1.471209	-19.13158	2.434018	1.699	56400
254	1639	22.49197	24.78205	-0.6093764	-0.7979717	-16.17518	2.44868	1.5109	45777
254.5	1530	22.42578	24.93384	-2.409012	0.08955956	-19.79284	2.473118	1.6207	52756
255	1237	22.34004	31.59129	-4.372796	0.6651598	-15.65582	2.497556	1.6598	55936
255.5	1456	22.46604	25.39085	-5.773143	1.323792	-13.30965	2.453568	1.5815	49435
256	1620	22.52879	16.01923	-6.637733	1.61918	-9.724393	2.458456	1.3385	37739
256.5	1511	22.63488	11.27885	-7.295489	2.024327	-13.13424	2.482893	1.5266	33361
257	1409	22.60402	17.12073	-7.963183	2.189523	-11.19655	2.482893	1.6833	51170
257.5	1441	22.54827	17.4678	-8.549585	2.182437	-11.76408	2.478006	1.5109	50164
258	1499	22.53584	27.11625	-9.130485	2.286781	-13.41779	2.487781	1.4874	42624
258.5	1494	22.52965	20.58074	-9.781304	2.597569	-17.49628	2.468231	1.4091	39876
259	1471	22.44514	13.76083	-10.62921	2.757335	-20.85984	2.468231	1.3856	40270
259.5	1495	22.38005	17.70984	-11.4101	2.637592	-17.79954	2.473118	1.5501	46720
260	1430	22.35448	26.78117	-11.85541	2.185876	-16.46423	2.468231	1.558	44773
260.5	1560	22.37495	24.62985	-12.1547	1.5553	-15.31554	2.463343	1.5266	42892
261	1514	22.33786	16.39292	-12.42254	1.239488	-17.05843	2.478006	1.5423	43907
261.5	1555	22.37667	22.64222	-12.60699	0.993668	-17.49673	2.453568	1.4796	43256
262	1558	22.30961	17.92727	-12.70015	0.8581713	-18.68758	2.468231	1.5031	44481
262.5	1672	22.39947	16.44506	-12.84472	0.6936542	-16.15124	2.42913	1.5266	44773
263	1741	22.38404	23.89633	-12.53251	0.6006117	-16.76566	2.424242	1.605	47814
263.5	1632	22.36745	31.25735	-10.72853	0.3517179	-18.0584	2.453568	1.6363	56090
264	1661	22.28601	22.29515	-7.621461	0.4543269	-24.27036	2.44868	1.7069	57512
264.5	1563	22.02501	39.56262	-3.858701	0.5568172	-25.14811	2.482893	1.7225	57030
265	1452	22.06143	28.54686	-1.277446	0.5406033	-16.23427	2.478006	1.652	53447
265.5	1634	22.18312	26.81645	0.5119598	0.6539794	-18.19425	2.438905	1.5736	45777
266	1710	22.23658	26.19457	2.16948	0.6723325	-21.25067	2.44868	1.4796	33802
266.5	1655	21.9117	46.06964	3.666618	0.5865301	-23.4978	2.438905	1.605	47370
267	1632	21.69345	40.4579	5.042624	-0.09640145	-22.75456	2.443793	1.6285	54444
267.5	1575	21.95878	40.12725	6.158252	-0.4700855	-24.10238	2.438905	1.5971	53447
268	1590	22.14256	28.48574	7.062838	-0.0196484	-25.46307	2.453568	1.6363	52350
268.5	1559	22.1393	30.46148	7.821853	0.317971	-22.1935	2.473118	1.5971	51042
269	1531	22.1428	28.336	8.47298	0.2573412	-19.41685	2.473118	1.5658	48039
269.5	1629	22.25987	32.14083	8.923714	0.03685557	-19.99572	2.458456	1.605	47261
270	1485	22.37231	15.95892	9.550302	0.1283142	-19.16928	2.468231	1.5501	44675
270.5	1497	22.35344	27.5832	10.23142	0.1966911	-19.29013	2.473118	1.5188	46720
271	1628	22.32973	19.04127	10.76924	-0.04052061	-18.93655	2.453568	1.5344	51042
271.5	1664	22.31047	25.74612	10.94826	-0.2710462	-18.62897	2.458456	1.6128	46935
272	1694	22.37802	22.38951	10.54279	-0.4328025	-20.57575	2.419355	1.5344	49316
272.5	1649	22.34766	35.43897	9.172481	-0.5981464	-21.76926	2.468231	1.6598	53728
273	1672	22.22762	33.80784	6.738986	-0.7174583	-24.22402	2.443793	1.6363	56244
273.5	1585	22.15135	30.05041	3.534946	-0.652576	-27.24723	2.458456	1.652	55031
274	1396	22.14723	27.20249	1.095791	-0.3246328	-20.32918	2.492669	1.6755	53030
274.5	1662	22.27771	23.56116	-0.7580342	0.08602574	-15.73995	2.434018	1.6363	50536
275	1637	22.37771	27.58566	-2.548844	0.2800506	-14.53568	2.438905	1.4874	39567
275.5	1558	22.31158	22.03218	-4.353466	0.717494	-18.45616	2.473118	1.605	48266
276	1487	22.35503	30.05246	-6.115777	1.093811	-16.8198	2.492669	1.6128	54736
276.5	1539	22.35141	21.22974	-7.342442	1.431856	-14.16382	2.468231	1.5815	50164
277	1627	22.14077	19.76517	-8.226891	1.367055	-11.14851	2.44868	1.4482	42982
277.5	1625	22.19137	24.21947	-9.078495	1.093843	-16.94669	2.438905	1.5501	43440
278	1579	22.22504	26.53954	-9.922318	0.8832477	-18.98281	2.473118	1.6833	51688
278.5	1461	22.18663	26.53954	-10.72681	0.7219517	-19.68765	2.458456	1.6363	53587
279	1600	22.16702	34.29152	-11.44432	0.6077576	-20.04521	2.453568	1.5501	49197
279.5	1554	22.27353	22.92529	-11.94519	0.794409	-20.32793	2.453568	1.5815	47370
280	1496	22.21367	18.38593	-12.36835	1.051458	-19.81501	2.458456	1.5423	47152
280.5	1520	22.30467	17.39756	-12.6081	1.124053	-19.13556	2.482893	1.5344	45170
281	1523	22.34305	22.4974	-12.88501	1.366216	-20.46151	2.478006	1.5109	45471
281.5	1456	22.39222	19.22898	-13.14009	1.516683	-20.81471	2.482893	1.4718	43256
282	1446	22.36136	13.42771	-13.32973	1.566466	-20.36452	2.482893	1.4796	42358
282.5	1502	22.35774	20.88596	-13.51332	1.540527	-20.20562	2.487781	1.4718	42982
283	1457	22.30537	22.66314	-13.61489	1.697743	-21.19344	2.482893	1.4718	42271
283.5	1522	22.36026	21.35405	-13.55579	1.709435	-19.90405	2.482893	1.4874	41329
284	1604	22.32602	22.30048	-13.49578	1.566863	-15.36076	2.453568	1.5266	41246
284.5	1659	22.38472	27.11511	-13.30373	1.426978	-19.29548	2.44868	1.4404	41837
285	1650	22.40082	12.85952	-12.32231	1.106662	-20.27676	2.473118	1.6128	51042
285.5	1701	22.22805	18.43548	-9.608909	0.5528691	-23.23794	2.443793	1.7069	56871
286	1553	21.99271	33.70774	-5.266999	0.443153	-34.45085	2.458456	1.6598	56090
286.5	1434	21.92731	37.00283	-2.561448	0.6202761	-19.43914	2.497556	1.7304	57512
287	1561	22.12315	29.74729	-0.5015096	0.7302998	-18.99239	2.468231	1.6677	54736
287.5	1788	21.79461	45.16792	1.827381	0.3317388	-18.62145	2.424242	1.3777	32511
288	1754	21.69	33.81358	4.325548	-0.5138748	-22.17496	2.42913	1.558	48844
288.5	1611	21.52573	46.3476	6.897616	-1.235736	-21.81975	2.44868	1.7696	60049
289	1606	21.51428	46.59763	8.960937	-1.675201	-22.72679	2.443793	1.7539	60764
289.5	1534	21.95245	29.0367	10.49011	-1.401522	-20.37735	2.458456	1.6442	53447
290	1607	22.10777	26.12847	11.34424	-0.8559263	-18.5612	2.458456	1.605	50412
290.5	1636	22.11355	33.27863	11.81186	-0.4664042	-18.25043	2.458456	1.5501	48496
291	1540	22.10377	18.62305	11.95276	-0.3144268	-18.51603	2.463343	1.5501	44971
291.5	1495	22.13979	22.78416	11.94954	-0.2396408	-20.08313	2.473118	1.6207	48039
292	1475	22.19117	16.21655	12.11756	0.2949302	-23.10367	2.44868	1.4561	46935
292.5	1511	22.27864	14.44307	12.29193	1.117371	-23.79935	2.492669	1.5266	44288
293	1486	22.32824	17.22781	12.41981	1.523926	-22.13718	2.478006	1.5423	46507
293.5	1605	22.30508	26.91477	12.5811	1.575231	-17.37334	2.468231	1.5658	41329
294	1617	22.36149	26.31924	12.75671	1.470048	-20.28609	2.453568	1.4639	41246
294.5	1659	22.34649	17.94902	12.80996	1.267051	-21.22744	2.463343	1.6207	48611
295	1617	22.32932	12.21799	11.98956	0.5639457	-21.76717	2.453568	1.6833	54012
295.5	1660	22.32854	14.17026	9.618265	0.2354019	-25.93847	2.434018	1.5893	53587
296	1597	22.2806	27.69766	6.44427	0.3281926	-26.90861	2.44868	1.6207	53168
296.5	1417	22.32658	32.89587	3.520066	0.6414986	-24.05495	2.473118	1.699	53030
297	1561	22.33887	26.37913	0.9180375	1.007419	-20.0317	2.443793	1.5893	50788
297.5	1549	22.23561	22.72262	-1.65434	1.198058	-17.78369	2.453568	1.4561	42982
298	1544	22.27003	13.57581	-3.825647	1.341512	-14.18607	2.473118	1.5736	44971
298.5	1636	22.14725	30.42556	-5.476365	1.204204	-17.48632	2.44868	1.5501	49079
299	1696	21.9173	34.80474	-7.313561	0.980822	-21.61925	2.438905	1.4561	44675
299.5	1676	21.8428	34.46095	-9.299215	0.5815736	-23.36814	2.443793	1.5971	50662
300	1593	21.81365	44.61546	-10.94975	0.002929522	-21.3483	2.458456	1.699	55783
300.5	1645	22.07525	26.95266	-12.1542	-0.1411399	-22.34187	2.453568	1.6677	55936
301	1521	22.23174	21.19036	-13.21434	0.2712282	-23.77179	2.468231	1.605	51298
301.5	1580	22.24625	22.83995	-13.95182	0.848905	-22.20936	2.458456	1.5815	48727
302	1506	22.09935	27.22916	-14.55339	1.132764	-21.87662	2.468231	1.558	48039
302.5	1561	22.21207	21.93044	-15.08156	1.237524	-22.9366	2.453568	1.4718	46296
303	1534	22.10451	34.6673	-15.62495	1.494457	-25.48564	2.458456	1.558	45983
303.5	1636	22.1251	24.30412	-16.15898	1.583938	-25.72083	2.453568	1.558	44578
304	1569	22.00051	26.63143	-16.71616	1.320751	-25.29625	2.478006	1.5893	45270
304.5	1596	21.98171	29.63647	-17.18831	0.9788918	-24.58802	2.473118	1.5815	45983
305	1409	22.17267	22.74232	-17.25003	0.8427023	-22.61422	2.478006	1.5971	47152
305.5	1455	22.27679	24.57898	-17.05522	1.339245	-24.57627	2.482893	1.5344	45370
306	1624	22.30568	28.29333	-16.71833	1.587001	-22.18863	2.42913	1.362	41246
306.5	1683	22.34883	17.80379	-16.07302	1.502749	-17.9781	2.42913	1.4639	43719
307	1700	22.38454	12.20026	-15.03415	1.327627	-19.16137	2.453568	1.5031	47481
307.5	1706	22.39093	9.022918	-12.46789	0.7671302	-19.82711	2.434018	1.7382	54884
308	1639	22.32283	19.1101	-8.352209	0.3949671	-29.20418	2.487781	1.7304	56090
308.5	1550	21.87992	41.9553	-4.396807	0.2624201	-23.05786	2.487781	1.6285	57030
309	1664	21.72233	34.54915	-1.202543	0.1576113	-23.74244	2.438905	1.5736	54736
309.5	1776	21.56909	47.33903	1.758932	-0.2885582	-21.86308	2.424242	1.2915	42183
310	1705	21.40469	46.30717	4.456614	-0.991597	-22.06068	2.42913	1.652	51951
310.5	1500	21.9294	29.51504	6.890577	-0.9951056	-21.10899	2.463343	1.7617	59351
311	1533	22.29523	16.22681	8.835453	0.1717288	-21.92375	2.473118	1.7304	58002
311.5	1639	21.95344	33.2897	10.58658	1.128764	-25.55082	2.42913	1.5109	46192
312	1646	21.60832	33.87102	12.43031	0.5998857	-25.74135	2.42913	1.5423	42183
312.5	1624	21.55018	38.96748	13.99425	-0.1515273	-25.02905	2.458456	1.6363	51298
313	1668	21.52648	36.19542	15.15943	-0.6481181	-26.85841	2.443793	1.6833	54590
313.5	1593	21.64882	33.63759	16.03186	-0.5613626	-28.20271	2.44868	1.6912	53168
314	1525	21.72873	34.35633	16.64758	-0.4253857	-25.30206	2.468231	1.6207	50536
314.5	1434	21.83038	37.85418	16.84027	-0.1512236	-24.49689	2.478006	1.5736	51042
315	1593	21.86511	23.69408	16.83015	0.1891552	-26.75146	2.458456	1.5344	48039
315.5	1573	21.84858	30.35769	16.67703	0.6589203	-27.20057	2.453568	1.5109	40833
316	1581	21.84833	26.94691	16.46652	1.005184	-26.32934	2.463343	1.5971	47261
316.5	1610	21.91643	26.59205	16.15258	0.9640487	-23.746	2.468231	1.5423	48381
317	1631	21.89676	28.43036	15.72744	0.7017432	-23.27428	2.463343	1.5893	45880
317.5	1677	21.85718	27.42074	14.98769	0.3175135	-23.23762	2.453568	1.558	47481
318	1744	21.91465	36.337	13.52914	-0.324097	-24.23925	2.44868	1.5893	48153
318.5	1699	21.95184	25.52829	11.0669	-1.190005	-25.1722	2.443793	1.6677	54300
319	1700	21.85172	45.28566	7.550505	-1.848885	-29.75817	2.453568	1.7069	57190
319.5	1687	21.98083	40.77831	3.656581	-1.790481	-33.92268	2.438905	1.7225	58002
320	1544	22.17808	32.40111	0.5069063	-1.054061	-29.59484	2.463343	1.6912	57674
320.5	1623	22.10408	17.07848	-2.374279	-0.2779414	-29.58072	2.487781	1.6598	55330
321	1585	22.16849	13.25787	-4.856105	0.6567296	-24.43705	2.473118	1.5109	46935
321.5	1628	22.11502	34.8236	-6.885606	1.233562	-21.10522	2.468231	1.5501	45270
322	1580	22.09886	19.99942	-8.751193	1.149086	-21.67182	2.468231	1.4718	40671
322.5	1573	22.27882	20.28249	-10.47149	1.434627	-25.5599	2.453568	1.5658	46613
323	1510	22.30494	28.59199	-12.02417	1.917485	-26.65684	2.473118	1.5736	50788
323.5	1679	21.51754	39.06758	-13.56913	2.075901	-28.35453	2.419355	1.4639	49079
324	1706	21.65724	27.99878	-15.17414	1.096408	-28.81742	2.453568	1.4639	45471
324.5	1604	21.78675	46.24235	-16.07212	0.8266762	-29.98801	2.468231	1.7069	54444
325	1548	22.02904	21.50543	-16.60657	1.22517	-30.30665	2.473118	1.6128	54884
325.5	1504	22.24274	28.25067	-16.86042	1.869062	-29.61057	2.463343	1.5736	49919
326	1466	22.25188	20.09059	-16.86486	2.362194	-24.86307	2.463343	1.558	46507
326.5	1517	22.3342	20.3871	-16.43034	2.304524	-20.28311	2.453568	1.5658	43625
327	1497	22.31195	26.24006	-15.87149	2.01777	-14.28235	2.482893	1.3934	44001
327.5	1537	22.38758	26.14124	-14.86485	1.388889	-4.383873	2.473118	1.558	42892
328	1526	22.39296	19.40703	-13.67021	0.8833368	-1.316545	2.473118	1.5423	41752
328.5	1548	22.38614	24.36155	-12.25957	0.5192	3.016183	2.478006	1.5344	42802
329	1420	22.4377	24.18145	-10.74582	0.2762072	5.838265	2.492669	1.5266	44578
329.5	1510	22.38085	20.11142	-8.899353	0.01472882	12.09099	2.478006	1.4796	44481
330	1633	22.2492	28.72491	-6.937677	0.006817486	9.510709	2.473118	1.4718	44675
330.5	1605	22.27882	30.80567	-5.134551	0.09611857	6.174452	2.458456	1.4874	44773
331	1622	22.21238	25.94756	-3.464697	0.3734079	2.878622	2.443793	1.6285	50041
331.5	1674	21.9436	41.08927	-2.403137	0.4223718	-4.903928	2.443793	1.605	50041
332	1694	21.72289	49.46769	-1.768842	-0.01273121	-5.096919	2.443793	1.6207	50536
332.5	1707	21.80245	37.71378	-1.33838	-0.5651976	-2.691581	2.44868	1.6598	55480
333	1669	21.8669	42.84881	-0.9375597	-0.9090742	-4.744005	2.42913	1.7382	56244
333.5	1641	22.05663	37.26251	-0.9582747	-0.6953899	-9.956659	2.453568	1.605	53728
334	1638	22.0412	33.50016	-1.244478	-0.233165	-12.37393	2.42913	1.6598	53587
334.5	1571	22.02313	37.22682	-1.531193	0.1886744	-11.62753	2.458456	1.5658	50164
335	1496	21.9881	34.38464	-1.808584	0.2317651	-7.469681	2.487781	1.6912	53587
335.5	1624	22.01705	28.03078	-2.163785	0.5571609	-11.41153	2.434018	1.5893	51298
336	1618	21.99168	38.33461	-2.800697	0.8242849	-16.17864	2.42913	1.4874	38449
336.5	1547	21.97802	39.14922	-3.517538	0.9463699	-12.58091	2.453568	1.6755	52485
337	1638	21.93954	36.38582	-4.078471	0.9685126	-13.18253	2.473118	1.6912	52893
337.5	1590	21.9983	34.49951	-4.452763	1.068104	-14.21446	2.44868	1.652	47814
338	1559	21.97236	32.97956	-4.656754	1.055595	-13.397	2.443793	1.6442	50412
338.5	1630	22.00384	28.40082	-4.43091	1.026259	-12.03055	2.453568	1.605	52350
339	1473	22.10334	18.50613	-3.920857	1.255199	-13.82713	2.468231	1.5815	49676
339.5	1583	22.1932	32.22881	-3.150397	1.590007	-13.22167	2.463343	1.6363	48961
340	1458	21.97728	32.65382	-2.368467	1.648861	-5.43136	2.463343	1.4796	45675
340.5	1585	21.80193	42.00001	-2.142998	1.075198	0.5250105	2.453568	1.5501	46402
341	1637	21.79818	40.18345	-1.997091	0.385884	-3.312189	2.458456	1.5031	43073
341.5	1588	21.79664	37.29779	-1.757128	-0.1072926	-2.64238	2.463343	1.5815	45070
342	1650	21.98785	29.11998	-1.533349	-0.4838719	-3.658835	2.453568	1.6128	49919
342.5	1611	21.97195	39.21391	-1.49074	-0.360351	-0.9530519	2.453568	1.5736	50164
343	1516	22.00685	33.73728	-1.799198	-0.2438034	0.1484781	2.463343	1.6442	51170
343.5	1487	22.18841	29.177	-1.993733	0.1313997	0.8232813	2.463343	1.5736	48381
344	1524	22.28316	16.58892	-1.976984	0.7406173	2.034637	2.463343	1.4953	46720
344.5	1616	22.24084	11.89914	-2.085301	1.379037	5.282239	2.458456	1.4404	44288
345	1607	21.76517	24.44565	-2.209894	1.534709	5.529523	2.443793	1.4953	45983
345.5	1685	21.82313	27.99796	-2.379298	0.9653599	1.311542	2.473118	1.558	46192
346	1607	21.73918	38.51991	-2.191464	0.329199	2.585369	2.42913	1.558	50914
346.5	1570	21.81041	41.67551	-2.111366	-0.2639005	2.735603	2.463343	1.6442	54736
347	1574	22.18245	30.25348	-1.87189	-0.2206106	0.138875	2.487781	1.5893	53307
347.5	1686	22.10375	18.14694	-1.767913	0.2830356	0.5097327	2.438905	1.5501	47370
348	1566	21.9948	34.67715	-1.581118	0.5103813	1.293795	2.458456	1.4953	45777
348.5	1608	21.86241	25.67064	-1.519877	0.4674366	2.749993	2.453568	1.6207	54012
349	1607	21.90188	32.61991	-1.408445	0.1846979	2.86799	2.453568	1.6128	50914
349.5	1669	21.95116	37.54393	-1.316216	-0.06887439	2.672905	2.42913	1.6363	50662
350	1586	22.01084	30.03934	-1.283541	0.0400127	6.175147	2.458456	1.6207	50788
350.5	1677	21.79375	29.75052	-1.353984	0.01103613	4.777833	2.438905	1.6363	52620
351	1695	21.78669	25.21445	-1.317823	-0.3567886	2.581075	2.453568	1.6598	49435
351.5	1587	22.0275	36.24059	-0.9084752	-0.4600559	-0.610005	2.468231	1.6442	52485
352	1646	22.15184	31.28935	-0.4839863	-0.03553063	0.6656262	2.468231	1.6598	54012
352.5	1597	22.02553	33.05299	-0.06098914	0.4323559	-0.1735004	2.473118	1.6285	50287
353	1644	21.9291	35.2359	0.5115124	0.3777309	-2.908355	2.434018	1.558	47261
353.5	1580	21.83438	39.56808	1.181066	0.1063506	-3.253195	2.438905	1.5815	50536
354	1601	22.03293	32.82412	2.014227	0.01985997	-5.580834	2.453568	1.6598	51298
354.5	1621	22.03493	21.10298	2.773944	0.2432924	-4.130975	2.453568	1.5893	51557
355	1691	21.96161	29.67545	3.36713	0.3287229	-4.593195	2.443793	1.5736	50287
355.5	1546	22.05021	30.38408	4.000708	0.5216	-3.486368	2.458456	1.6207	50164
356	1590	22.01496	28.54358	4.352373	0.869654	-2.107166	2.443793	1.6598	50536
356.5	1232	23.0626	0.0635879	4.996653	0.479562	-4.472172	2.512219	1.5658	48153
357	1268	23.07286	0.2170194	5.243346	0.1587428	-5.259275	2.517107	1.5971	48844
357.5	1100	23.22363	0.02871712	5.703474	0.2793163	-6.157182	2.521994	1.2288	28595
358	1100	23.23961	0.02625565	6.054993	0.3256522	-6.543405	2.521994	1.268	22535
358.5	1100	23.25663	0.02994785	6.406449	0.3705541	-6.705151	2.521994	1.0956	15057
359	1100	23.26229	0.02707614	6.681465	0.4021809	-6.889833	2.521994	1.0956	9018
359.5	1100	23.27292	0.02092247	6.904245	0.422458	-6.953566	2.517107	1.0956	5656
360	1100	23.29573	0.02543516	7.100441	0.4385004	-7.045016	2.517107	1.0956	0
360.5	1100	23.31263	0.03076834	7.257495	0.4498895	-7.06006	2.521994	1.0956	0
361	1100	23.32197	0.03117858	7.385955	0.4538902	-7.081136	2.521994	1.0956	0
361.5	1100	23.33457	0.03322981	7.473974	0.4489534	-7.034921	2.521994	1.0956	0
362	1100	23.33298	0.02707614	7.535946	0.4353777	-6.971038	2.521994	1.0956	0
362.5	1100	23.34729	0.02625565	7.571161	0.4206201	-6.886969	2.521994	1.0956	0
363	1100	23.34698	0.01764052	7.579055	0.4005691	-6.776459	2.521994	1.0956	0
363.5	1100	23.35811	0.01805076	7.561896	0.3780661	-6.638054	2.521994	1.0956	0
364	1100	23.37434	0.02912736	7.534222	0.3507719	-6.492463	2.521994	1.0956	0
364.5	1100	23.38817	0.03938347	7.478439	0.3257293	-6.332357	2.521994	1.0956	0
365	1100	23.3843	0.02917294	7.429575	0.2988632	-6.168414	2.521994	1.0956	0
365.5	1100	23.3835	0.02461467	7.369172	0.2713277	-5.995257	2.521994	1.0956	0
366	1100	23.38546	0.0147688	7.303801	0.2441081	-5.822776	2.521994	1.0956	0
366.5	1100	23.4024	0.02279136	7.229298	0.2209471	-5.632572	2.521994	1.0956	0
367	1100	23.41613	0.0295376	7.149754	0.1971265	-5.455075	2.521994	1.0956	0
367.5	1100	23.42461	0.03897323	7.056124	0.1745825	-5.266894	2.521994	1.0956	0
368	1100	23.41968	0.03145208	6.965285	0.1542181	-5.078813	2.521994	1.0956	0
368.5	1100	23.41957	0.02543516	6.865622	0.1340954	-4.888689	2.521994	1.0956	0
369	1100	23.41595	0.01312783	6.75429	0.1141952	-4.689284	2.521994	1.0956	0
369.5	1100	23.42685	0.01640978	6.636171	0.09465902	-4.490024	2.521994	1.0956	0
370	1100	23.44926	0.03117858	6.516456	0.07602904	-4.282407	2.521994	1.0956	0
370.5	1100	23.45485	0.03487078	6.388179	0.05905733	-4.083371	2.521994	1.0956	0
371	1100	23.44897	0.02871712	6.25939	0.04464373	-3.891532	2.521994	1.0956	0
371.5	1100	23.44766	0.02502492	6.127606	0.03193471	-3.700855	2.521994	1.0956	0
372	1100	23.45086	0.02338394	5.991502	0.02074665	-3.50705	2.521994	1.0956	0
372.5	1100	23.46202	0.02187971	5.853898	0.01602194	-3.314702	2.521994	1.0956	0
373	1100	23.46862	0.02789663	5.718524	0.008944135	-3.12	2.521994	1.0956	0
373.5	1100	23.47649	0.0295376	5.567174	-0.002562852	-2.927633	2.521994	1.0956	0
374	1100	23.47131	0.0319079	5.405247	-0.01777725	-2.722113	2.521994	1.0956	0
374.5	1100	23.4693	0.02297369	5.249158	-0.03283269	-2.538197	2.521994	1.0956	0
375	1100	23.4704	0.02133271	5.090333	-0.04694556	-2.348655	2.521994	1.0956	0
375.5	1100	23.4821	0.02962877	4.929758	-0.06200521	-2.154728	2.521994	1.0956	0
376	1100	23.48915	0.03569127	4.764985	-0.07442723	-1.97032	2.521994	1.0956	0
376.5	1100	23.49259	0.03364005	4.606265	-0.08589582	-1.799162	2.521994	1.0956	0
377	1100	23.48934	0.03528103	4.446536	-0.09650299	-1.633433	2.521994	1.0956	0
377.5	1100	23.48479	0.02256345	4.288136	-0.1058857	-1.46104	2.521994	1.0956	0
378	1100	23.4851	0.02092247	4.129826	-0.1136656	-1.30407	2.521994	1.0956	0
378.5	1100	23.49597	0.02666589	3.97481	-0.1227605	-1.157456	2.521994	1.0956	0
379	1100	23.49446	0.02370302	3.819893	-0.1302615	-1.007677	2.512219	1.0956	0
379.5	1100	23.50194	0.02379418	3.684937	-0.1354615	-0.8711374	2.521994	1.0956	0
380	1100	23.50095	0.02789663	3.549624	-0.1399548	-0.7475784	2.521994	1.0956	0
380.5	1100	23.49173	0.02324719	3.503705	-0.15109	1.336197	2.521994	1.0956	0
381	1100	23.49689	0.01517905	3.330513	-0.153652	0.0683352	2.521994	1.0956	0
381.5	1100	23.50993	0.0295376	3.173431	-0.1597138	-0.2881645	2.521994	1.0956	0
382	1100	23.50827	0.02748638	3.045223	-0.1653325	0.05980446	2.521994	1.0956	0
382.5	1100	23.51699	0.03405029	2.928628	-0.1683153	0.1672219	2.517107	1.0956	0
383	1100	23.513	0.02748638	2.82601	-0.1692216	-0.1775355	2.521994	1.0956	0
383.5	1100	23.51835	0.03528103	2.713513	-0.1706949	-0.3339387	2.521994	1.0956	0
384	1100	23.50888	0.02010198	2.644516	-0.1714549	-0.1580851	2.521994	1.0956	0
384.5	1100	23.51515	0.02502492	2.558646	-0.1719349	-0.1075917	2.521994	1.0956	0
385	1100	23.52468	0.03528103	2.493518	-0.1729385	0.9633528	2.521994	1.0956	0
385.5	1100	23.51619	0.02256345	2.430051	-0.1699098	0.1995545	2.521994	1.0956	0
